1	59
2	59
3	55
4	59
5	58
6	59
7	54
8	59
9	59
10	59
11	59
12	53
13	58
14	56
15	56
16	60
17	58
18	60
19	60
20	55
21	60
22	60
23	58
24	60
25	60
26	62
27	62
28	62
29	62
30	58
31	65
32	65
33	65
34	53
35	59
36	58
37	65
38	65
39	65
40	65
41	65
42	65
43	65
44	65
45	65
46	65
47	65
48	65
49	65
50	65
51	64
52	67
53	67
54	67
55	67
56	67
57	67
58	67
59	66
60	62
61	67
62	67
63	64
64	69
65	68
66	67
67	69
68	70
69	70
70	70
71	69
72	70
73	70
74	70
75	70
76	70
77	69
78	70
79	71
80	69
81	71
82	71
83	70
84	69
85	69
86	71
87	70
88	70
89	71
90	70
91	71
92	71
93	70
94	71
95	71
96	71
97	70
98	70
99	70
100	70
101	70
102	70
103	71
104	71
105	71
106	71
107	71
108	71
109	70
110	71
111	71
112	70
113	71
114	70
115	71
116	71
117	71
118	71
119	71
120	71
121	70
122	71
123	71
124	71
125	71
126	71
127	71
128	71
129	71
130	71
131	71
132	71
133	71
134	71
135	71
136	71
137	71
138	71
139	71
140	71
141	71
142	71
143	71
144	71
145	71
146	71
147	71
148	71
149	71
150	71
151	71
152	71
153	71
154	71
155	71
156	71
157	71
158	71
159	71
160	71
161	71
162	71
163	71
164	71
165	71
166	71
167	71
168	71
169	71
170	71
171	71
172	71
173	71
174	71
175	71
176	71
177	71
178	71
179	71
180	71
181	71
182	71
183	71
184	71
185	71
186	71
187	71
188	71
189	71
190	71
191	71
192	71
193	71
194	71
195	71
196	71
197	71
198	71
199	71
200	71
201	71
202	71
203	71
204	71
205	71
206	71
207	71
208	71
209	71
210	71
211	71
212	71
213	71
214	71
215	71
216	71
217	71
218	71
219	71
220	71
221	71
222	71
223	71
224	71
225	71
226	71
227	71
228	71
229	71
230	71
231	71
232	71
233	71
234	71
235	71
236	71
237	71
238	71
239	71
240	71
241	71
242	71
243	71
244	71
245	71
246	71
247	71
248	71
249	71
250	71
251	71
252	71
253	71
254	71
255	71
256	71
257	71
258	71
259	71
260	71
261	71
262	71
263	71
264	71
265	71
266	71
267	71
268	71
269	71
270	71
271	71
272	71
273	71
274	71
275	71
276	71
277	71
278	71
279	71
280	71
281	71
282	71
283	71
284	71
285	71
286	71
287	71
288	71
289	71
290	71
291	71
292	71
293	71
294	71
295	71
296	71
297	71
298	71
299	71
300	71
301	71
302	71
303	71
304	71
305	71
306	71
307	71
308	71
309	71
310	71
311	71
312	71
313	71
314	71
315	71
316	71
317	71
318	71
319	71
320	71
321	71
322	71
323	71
324	71
325	71
326	71
327	71
328	71
329	71
330	71
331	71
332	71
333	71
334	71
335	71
336	71
337	71
338	71
339	71
340	71
341	71
342	71
343	71
344	71
345	71
346	71
347	71
348	71
349	71
350	71
351	71
352	71
353	71
354	71
355	71
356	71
357	71
358	71
359	71
360	71
361	71
362	71
363	71
364	71
365	71
366	71
367	71
368	71
369	71
370	71
371	71
372	71
373	71
374	71
375	71
376	71
377	71
378	71
379	71
380	71
381	71
382	71
383	71
384	71
385	71
386	71
387	71
388	71
389	71
390	71
391	71
392	71
393	71
394	71
395	71
396	71
397	71
398	71
399	71
400	71
401	71
402	71
403	71
404	71
405	71
406	71
407	71
408	71
409	71
410	71
411	71
412	71
413	71
414	71
415	71
416	71
417	71
418	71
419	71
420	71
421	71
422	71
423	71
424	71
425	71
426	71
427	71
428	71
429	71
430	71
431	71
432	71
433	71
434	71
435	71
436	71
437	71
438	71
439	71
440	71
441	71
442	71
443	71
444	71
445	71
446	71
447	71
448	71
449	71
450	71
451	71
452	71
453	71
454	71
455	71
456	71
457	71
458	71
459	71
460	71
461	71
462	71
463	71
464	71
465	71
466	71
467	71
468	71
469	71
470	71
471	71
472	71
473	71
474	71
475	71
476	71
477	71
478	71
479	71
480	71
481	71
482	71
483	71
484	71
485	71
486	71
487	71
488	71
489	71
490	71
491	71
492	71
493	71
494	71
495	71
496	71
497	71
498	71
499	71
500	71
501	71
502	71
503	71
504	71
505	71
506	71
507	71
508	71
509	71
510	71
511	71
512	71
513	71
514	71
515	71
516	71
517	71
518	71
519	71
520	71
521	71
522	71
523	71
524	71
525	71
526	71
527	71
528	71
529	71
530	71
531	71
532	71
533	71
534	71
535	71
536	71
537	71
538	71
539	71
540	71
541	71
542	71
543	71
544	71
545	71
546	71
547	71
548	71
549	71
550	71
551	71
552	71
553	71
554	71
555	71
556	71
557	71
558	71
559	71
560	71
561	71
562	71
563	71
564	71
565	71
566	71
567	71
568	71
569	71
570	71
571	71
572	71
573	71
574	71
575	71
576	71
577	71
578	71
579	71
580	71
581	71
582	71
583	71
584	71
585	71
586	71
587	71
588	71
589	71
590	71
591	71
592	71
593	71
594	71
595	71
596	71
597	71
598	71
599	71
600	71
601	71
602	71
603	71
604	71
605	71
606	71
607	71
608	71
609	71
610	71
611	71
612	71
613	71
614	71
615	71
616	71
617	71
618	71
619	71
620	71
621	71
622	71
623	71
624	71
625	71
626	71
627	71
628	71
629	71
630	71
631	71
632	71
633	71
634	71
635	71
636	71
637	71
638	71
639	71
640	71
641	71
642	71
643	71
644	71
645	71
646	71
647	71
648	71
649	71
650	71
651	71
652	71
653	71
654	71
655	71
656	71
657	71
658	71
659	71
660	71
661	71
662	71
663	71
664	71
665	71
666	71
667	71
668	71
669	71
670	71
671	71
672	71
673	71
674	71
675	71
676	71
677	71
678	71
679	71
680	71
681	71
682	71
683	71
684	71
685	71
686	71
687	71
688	71
689	71
690	71
691	71
692	71
693	71
694	71
695	71
696	71
697	71
698	71
699	71
700	71
701	71
702	71
703	71
704	71
705	71
706	71
707	71
708	71
709	71
710	71
711	71
712	71
713	71
714	71
715	71
716	71
717	71
718	71
719	71
720	71
721	71
722	71
723	71
724	71
725	71
726	71
727	71
728	71
729	71
730	71
731	71
732	71
733	71
734	71
735	71
736	71
737	71
738	71
739	71
740	71
741	71
742	71
743	71
744	71
745	71
746	71
747	71
748	71
749	71
750	71
751	71
752	71
753	71
754	71
755	71
756	71
757	71
758	71
759	71
760	71
761	71
762	71
763	71
764	71
765	71
766	71
767	71
768	71
769	71
770	71
771	71
772	71
773	71
774	71
775	71
776	71
777	71
778	71
779	71
780	71
781	71
782	71
783	71
784	71
785	71
786	71
787	71
788	71
789	71
790	71
791	71
792	71
793	71
794	71
795	71
796	71
797	71
798	71
799	71
800	71
801	71
802	71
803	71
804	71
805	71
806	71
807	71
808	71
809	71
810	71
811	71
812	71
813	71
814	71
815	71
816	71
817	71
818	71
819	71
820	71
821	71
822	71
823	71
824	71
825	71
826	71
827	71
828	71
829	71
830	71
831	71
832	71
833	71
834	71
835	71
836	71
837	71
838	71
839	71
840	71
841	71
842	71
843	71
844	71
845	71
846	71
847	71
848	71
849	71
850	71
851	71
852	71
853	71
854	71
855	71
856	71
857	71
858	71
859	71
860	71
861	71
862	71
863	71
864	71
865	71
866	71
867	71
868	71
869	71
870	71
871	71
872	71
873	71
874	71
875	71
876	71
877	71
878	71
879	71
880	71
881	71
882	71
883	71
884	71
885	71
886	71
887	71
888	71
889	71
890	71
891	71
892	71
893	71
894	71
895	71
896	71
897	71
898	71
899	71
900	71
901	71
902	71
903	71
904	71
905	71
906	71
907	71
908	71
909	71
910	71
911	71
912	71
913	71
914	71
915	71
916	71
917	71
918	71
919	71
920	71
921	71
922	71
923	71
924	71
925	71
926	71
927	71
928	71
929	71
930	71
931	71
932	71
933	71
934	71
935	71
936	71
937	71
938	71
939	71
940	71
941	71
942	71
943	71
944	71
945	71
946	71
947	71
948	71
949	71
950	71
951	71
952	71
953	71
954	71
955	71
956	71
957	71
958	71
959	71
960	71
961	71
962	71
963	71
964	71
965	71
966	71
967	71
968	71
969	71
970	71
971	71
972	71
973	71
974	71
975	71
976	71
977	71
978	71
979	71
980	71
981	71
982	71
983	71
984	71
985	71
986	71
987	71
988	71
989	71
990	71
991	71
992	71
993	71
994	71
995	71
996	71
997	71
998	71
999	71
1000	71
