1	60
2	60
3	61
4	61
5	63
6	63
7	63
8	63
9	63
10	63
11	63
12	63
13	63
14	63
15	63
16	63
17	63
18	64
19	64
20	64
21	64
22	64
23	64
24	64
25	64
26	64
27	64
28	64
29	64
30	64
31	64
32	64
33	64
34	65
35	65
36	65
37	65
38	65
39	65
40	66
41	66
42	66
43	66
44	66
45	66
46	66
47	66
48	66
49	66
50	66
51	66
52	67
53	67
54	67
55	67
56	67
57	67
58	67
59	67
60	67
61	68
62	68
63	68
64	68
65	69
66	69
67	69
68	69
69	69
70	69
71	69
72	69
73	69
74	69
75	70
76	70
77	70
78	71
79	72
80	72
81	72
82	72
83	73
84	73
85	73
86	73
87	73
88	73
89	73
90	74
91	74
92	74
93	74
94	74
95	74
96	74
97	74
98	74
99	74
100	74
101	74
102	74
103	74
104	74
105	75
106	75
107	75
108	75
109	76
110	76
111	76
112	77
113	77
114	77
115	77
116	77
117	77
118	77
119	77
120	77
121	77
122	77
123	77
124	77
125	77
126	77
127	77
128	77
129	77
130	77
131	77
132	77
133	77
134	78
135	78
136	78
137	78
138	78
139	78
140	78
141	78
142	78
143	79
144	79
145	79
146	79
147	79
148	79
149	79
150	79
151	79
152	79
153	79
154	79
155	79
156	79
157	79
158	79
159	80
160	81
161	81
162	81
163	81
164	81
165	81
166	81
167	82
168	82
169	82
170	82
171	82
172	82
173	82
174	82
175	82
176	82
177	82
178	82
179	82
180	82
181	82
182	82
183	82
184	82
185	82
186	82
187	82
188	82
189	82
190	82
191	82
192	82
193	82
194	82
195	82
196	82
197	82
198	82
199	82
200	82
201	82
202	82
203	82
204	82
205	82
206	82
207	83
208	83
209	83
210	83
211	84
212	84
213	84
214	84
215	84
216	84
217	84
218	84
219	84
220	84
221	84
222	84
223	84
224	84
225	84
226	84
227	84
228	84
229	84
230	84
231	84
232	84
233	84
234	84
235	84
236	84
237	84
238	84
239	84
240	84
241	84
242	84
243	84
244	84
245	84
246	85
247	85
248	85
249	86
250	86
251	86
252	86
253	86
254	86
255	86
256	86
257	86
258	86
259	86
260	86
261	86
262	86
263	86
264	86
265	86
266	86
267	86
268	86
269	86
270	86
271	86
272	86
273	86
274	87
275	87
276	87
277	87
278	87
279	87
280	87
281	87
282	87
283	88
284	88
285	88
286	88
287	88
288	88
289	88
290	88
291	88
292	88
293	88
294	88
295	88
296	88
297	89
298	89
299	89
300	89
301	89
302	89
303	89
304	89
305	89
306	89
307	89
308	89
309	89
310	89
311	89
312	89
313	89
314	89
315	89
316	90
317	90
318	90
319	90
320	90
321	90
322	90
323	90
324	90
325	90
326	90
327	90
328	90
329	90
330	90
331	90
332	90
333	90
334	90
335	91
336	91
337	91
338	91
339	91
340	91
341	91
342	92
343	92
344	92
345	92
346	92
347	92
348	92
349	92
350	92
351	92
352	92
353	92
354	92
355	92
356	92
357	92
358	92
359	92
360	92
361	92
362	92
363	92
364	92
365	92
366	92
367	92
368	92
369	92
370	92
371	92
372	92
373	92
374	92
375	92
376	92
377	92
378	93
379	93
380	93
381	93
382	93
383	93
384	93
385	94
386	94
387	94
388	94
389	94
390	94
391	94
392	94
393	94
394	94
395	94
396	94
397	94
398	94
399	94
400	94
401	94
402	94
403	94
404	94
405	94
406	94
407	94
408	94
409	94
410	94
411	94
412	94
413	94
414	94
415	95
416	95
417	95
418	95
419	95
420	95
421	95
422	95
423	95
424	95
425	95
426	95
427	95
428	95
429	95
430	95
431	95
432	95
433	95
434	95
435	95
436	95
437	95
438	95
439	95
440	95
441	95
442	95
443	95
444	95
445	95
446	95
447	95
448	95
449	95
450	95
451	95
452	95
453	95
454	95
455	95
456	95
457	95
458	95
459	95
460	95
461	95
462	95
463	95
464	95
465	95
466	95
467	95
468	95
469	95
470	95
471	95
472	95
473	95
474	95
475	95
476	95
477	95
478	95
479	95
480	95
481	95
482	95
483	95
484	95
485	95
486	95
487	95
488	95
489	95
490	95
491	95
492	95
493	95
494	95
495	95
496	95
497	95
498	95
499	95
500	95
501	95
502	95
503	95
504	95
505	95
506	95
507	95
508	95
509	95
510	95
511	95
512	95
513	95
514	95
515	95
516	95
517	95
518	95
519	95
520	95
521	95
522	95
523	95
524	95
525	95
526	95
527	95
528	95
529	95
530	95
531	95
532	95
533	95
534	95
535	95
536	95
537	95
538	95
539	95
540	95
541	95
542	95
543	95
544	95
545	95
546	95
547	95
548	95
549	95
550	95
551	95
552	95
553	95
554	95
555	95
556	95
557	95
558	95
559	95
560	95
561	95
562	95
563	95
564	95
565	95
566	95
567	95
568	95
569	96
570	96
571	96
572	96
573	96
574	96
575	96
576	96
577	96
578	96
579	96
580	96
581	96
582	96
583	96
584	96
585	96
586	96
587	96
588	96
589	96
590	96
591	96
592	96
593	96
594	96
595	96
596	96
597	96
598	96
599	96
600	96
601	96
602	96
603	96
604	96
605	96
606	96
607	96
608	96
609	96
610	96
611	96
612	96
613	96
614	96
615	96
616	96
617	96
618	96
619	96
620	96
621	96
622	96
623	96
624	96
625	96
626	96
627	96
628	96
629	96
630	96
631	96
632	96
633	96
634	96
635	96
636	96
637	96
638	96
639	96
640	96
641	96
642	96
643	96
644	96
645	96
646	96
647	96
648	96
649	96
650	96
651	96
652	96
653	96
654	96
655	96
656	96
657	96
658	96
659	97
660	97
661	97
662	97
663	97
664	97
665	97
666	97
667	97
668	97
669	97
670	97
671	97
672	97
673	97
674	97
675	97
676	97
677	97
678	97
679	97
680	97
681	97
682	97
683	97
684	97
685	97
686	97
687	97
688	97
689	97
690	97
691	97
692	97
693	97
694	97
695	97
696	97
697	97
698	97
699	97
700	97
701	97
702	97
703	97
704	97
705	97
706	97
707	97
708	97
709	97
710	97
711	97
712	97
713	97
714	97
715	97
716	97
717	97
718	97
719	97
720	97
721	97
722	97
723	97
724	97
725	97
726	97
727	97
728	97
729	98
730	98
731	98
732	98
733	98
734	98
735	98
736	98
737	98
738	98
739	98
740	98
741	98
742	98
743	98
744	98
745	98
746	98
747	98
748	98
749	98
750	98
751	98
752	98
753	98
754	98
755	98
756	98
757	98
758	98
759	98
760	98
761	98
762	99
763	99
764	99
765	99
766	99
767	99
768	99
769	99
770	99
771	99
772	99
773	99
774	99
775	99
776	99
777	99
778	99
779	99
780	99
781	99
782	99
783	99
784	99
785	99
786	99
787	99
788	99
789	99
790	99
791	99
792	99
793	99
794	99
795	99
796	99
797	99
798	99
799	99
800	99
801	99
802	99
803	99
804	99
805	99
806	99
